{
  "advancedEditorSelectedIdentifier" : "ProjectBrowser",
  "openSceneRelativePaths" : [

  ],
  "recentIdentifiers" : {
    "AF09ED6F-1707-48FD-8720-65B998362C09" : [

    ]
  },
  "sceneCameraHistory" : {
    "AF09ED6F-1707-48FD-8720-65B998362C09" : [
      {
        "date" : 748609441.047887,
        "title" : "Untitled",
        "transform" : [
          0.9998061,
          7.886667e-09,
          -0.019688759,
          0,
          -0.0038880415,
          0.9803079,
          -0.19743687,
          0,
          0.019301059,
          0.1974752,
          0.98011786,
          0,
          0.065382466,
          0.12928864,
          0.47925293,
          1
        ]
      },
      {
        "date" : 748609378.9985,
        "title" : "Untitled",
        "transform" : [
          0.9998061,
          7.886667e-09,
          -0.019688759,
          0,
          -0.0038880415,
          0.9803079,
          -0.19743687,
          0,
          0.019301059,
          0.1974752,
          0.98011786,
          0,
          -0.15192664,
          0.28474277,
          0.34037232,
          1
        ]
      },
      {
        "date" : 748603141.468769,
        "title" : "Untitled",
        "transform" : [
          0.9998061,
          7.886667e-09,
          -0.019688759,
          0,
          -0.0038880415,
          0.9803079,
          -0.19743687,
          0,
          0.019301059,
          0.1974752,
          0.98011786,
          0,
          0.18582052,
          1.2515713,
          2.382938,
          1
        ]
      },
      {
        "date" : 748602796.350158,
        "title" : "Untitled",
        "transform" : [
          0.9998061,
          7.886667e-09,
          -0.019688759,
          0,
          -0.0038880415,
          0.9803079,
          -0.19743687,
          0,
          0.019301059,
          0.1974752,
          0.98011786,
          0,
          0.280307,
          1.5090805,
          2.3291936,
          1
        ]
      },
      {
        "date" : 748602794.353863,
        "title" : "Untitled",
        "transform" : [
          0.9797134,
          7.965992e-09,
          0.20040374,
          0,
          0.018325077,
          0.9958105,
          -0.08958577,
          0,
          -0.19956414,
          0.09144083,
          0.97560894,
          0,
          -0.26783183,
          1.2506317,
          2.4789565,
          1
        ]
      }
    ]
  },
  "sceneViewportBackgroundColors" : {

  },
  "selectedSceneRelativePath" : "Immersive.usda"
}